id,Name,Description,Price,Level,MaxLevel,ActionCost,MpCost,Type,Condition,Effects
100,长拳,造成5点外功伤害。,1,1,1,1,0,0,0,1000
101,连环拳,造成2点外功伤害，本回合每进行过一次拳脚攻击，本次伤害+1,1,1,1,1,0,0,0,1010
102,梅花剑法,造成5点外功伤害,1,1,1,1,0,0,0,1020
103,夺命连环剑,造成2点外功伤害，本回合每进行1次剑法攻击，外功伤害+1,1,1,1,1,0,0,0,1030
104,蓄力一击,消耗所有行动点，造成行动点*2外功伤害。,1,1,1,1,0,0,0,1040
105,外功卡,自身当前有多少格挡值，造成多少外功伤害。,1,1,1,1,0,0,0,1050
106,破釜沉舟,消耗自身所有格挡，造成格挡值*3外功伤害。,1,1,1,1,0,0,0,1060,1061
200,气运丹田,增加2内力,1,1,1,1,0,2,0,2000
201,五气朝元,增加3内力，并回复2生命,1,1,1,1,0,2,0,2010,2011
202,虎啸功,增加3内力，并造成3内功伤害,1,1,1,1,0,2,0,2020,2021
203,静夜思,增加8内力,1,1,1,1,0,2,0,2030
204,冥想,本回合的卡牌不在消耗内力,1,1,1,1,0,2,0,2040
205,硬气功,到下回合结束，以内力代替生命受到伤害。,1,1,1,1,0,2,0,2050
206,乾坤回转,到下回合结束，每受到1次伤害，增加1点内力。,1,1,1,1,0,2,0,2060
300,迅捷之力,增加1行动点，并抽取1张技能牌,1,1,1,1,0,1,0,3000,3001
301,急速,增加3行动点,1,1,1,1,0,1,0,3010
400,天山折梅手,造成5点内功伤害,1,1,1,1,2,1,0,4000
401,小无相功,抽取3张卡牌,1,1,1,1,2,1,0,4010
402,六阳掌,造成4点伤害，抽取1张卡牌,1,1,1,1,2,1,0,4020,4021
403,九阳神功,治疗5生命,1,1,1,1,2,1,0,4030
404,九阴真经,造成6伤害，治疗4生命,1,1,1,1,2,1,0,4040,4041
405,回春术,治疗20生命,1,1,1,1,5,1,0,4050
406,金钟罩,获得15格挡,1,1,1,1,5,1,0,4060
407,偷天换日,获得10行动点,1,1,1,1,2,1,0,4070
501,劈山,下一次攻击效果翻倍,1,1,1,1,2,1,0,5010
502,金刚附体,外功攻击伤害+1,1,1,1,1,2,1,0,5020